
#### define parameters
nwood = 0.005      # 0.005 
nrho = 0.7
nretrans = 0.5
nwvar = TRUE     # TRUE
kext=0.5
SLA=5
sf=0.5
cfrac = w = 0.45
cue = 0.5
LUE0=1.4
I0=3
Nref=0.04
leachn = 0.05
Nin = 1.0
Tsoil = 15
Texture = 0.5
ligfl = 0.2
ligrl = 0.16
ncp = 0.1
PAR_MJ <- 4.0
J_2_UMOL <- 4.57
MJ_TO_J <- 1000000.0
par <- MJ_TO_J * J_2_UMOL * PAR_MJ
UMOL_TO_MOL <- 0.000001
MOL_C_TO_GRAMS_C <- 12.0
conv <- UMOL_TO_MOL * MOL_C_TO_GRAMS_C
mt <- 25.0 + 273.5  # degree to kelvin
tk <- 20.0 + 273.5  # air temperature
kn <- 0.3
aroot <- 0.2
aleaf <- 0.2
ncs <- 0.01   
